{
 "cells": [
  {
   "cell_type": "code",
   "execution_count": 4,
   "metadata": {},
   "outputs": [],
   "source": [
    "from player import HMM\n",
    "from constants import *\n",
    "K = 4"
   ]
  },
  {
   "cell_type": "code",
   "execution_count": 5,
   "metadata": {},
   "outputs": [],
   "source": [
    "with open('hmm_c_N1000.in') as inp:\n",
    "    obs_list = list(map(int, inp.readline().split()))\n",
    "with open('hmm_c_N10000.in') as inp2:\n",
    "    obs_list_2 = list(map(int, inp2.readline().split()))\n",
    "obs = obs_list[1:]\n",
    "obs_2 = obs_list_2[1:]"
   ]
  },
  {
   "cell_type": "code",
   "execution_count": 12,
   "metadata": {},
   "outputs": [
    {
     "name": "stdout",
     "output_type": "stream",
     "text": [
      "=====states: 2 ,observations: 1000 =====\n",
      "A: [[0.8267421329251928, 0.17325786707480786], [0.3299681344663291, 0.6700318655336724]]\n",
      "B: [[0.013937744360825986, 0.2932222748018372, 0.31509230620898515, 0.3777476746283525], [0.6764481900649054, 0.16328312147868126, 0.08726100552610538, 0.07300768293030872]]\n",
      "pi: [6.189064437906223e-51, 0.9999999999999823]\n",
      "=====states: 3 ,observations: 1000 =====\n",
      "A: [[0.5350168710043934, 0.35131941107113235, 0.1136637179244753], [0.05410805980845431, 0.7855168059639194, 0.16037513422762673], [0.40500827705044823, 0.2307204852121117, 0.3642712377374406]]\n",
      "B: [[0.7847173074620903, 0.054109541443659905, 0.09162942185099737, 0.06954372924325311], [0.0037925175819394346, 0.26212472878479104, 0.32778858967909114, 0.4062941639541788], [0.3106169786605005, 0.4463462593906112, 0.13300370198250341, 0.11003305996638452]]\n",
      "pi: [1.000000000000006, 5.388671611677354e-103, 4.386765369554193e-19]\n",
      "=====states: 4 ,observations: 1000 =====\n",
      "A: [[0.6480212239853541, 0.14081078070620173, 0.07099045949716438, 0.1401775358112764], [0.05424279439444269, 0.39525865158813267, 0.24827926533523423, 0.30221928868219083], [0.28982327958521215, 0.23107612661019658, 0.2709122015856492, 0.20818839221894148], [0.17100014064058666, 0.32426451046744736, 0.26630912271333307, 0.23842622617863207]]\n",
      "B: [[0.7135930651406021, 0.14136083411570124, 0.08611781700179354, 0.058928283741901046], [0.0069759499576892165, 0.21148830213810155, 0.3638588469899983, 0.4176769009142113], [0.04957425486856068, 0.4437762583706758, 0.25250904861414747, 0.25414043814661563], [0.030768493286773183, 0.26752527824329614, 0.28220586050963975, 0.4195003679602905]]\n",
      "pi: [1.0000000000000002, 7.567308623975854e-81, 4.599620506832078e-44, 2.9201092840947598e-52]\n"
     ]
    }
   ],
   "source": [
    "for n_states in range(2, 5):\n",
    "    A = HMM.create_zero_mat(n_states, n_states)\n",
    "    B = HMM.create_zero_mat(n_states, K)\n",
    "    pi = [0] * n_states\n",
    "    hmm = HMM(n_states, K)\n",
    "    A, B, pi = hmm.learning(obs)\n",
    "    print('=====states:',n_states,',observations:',len(obs),'=====')\n",
    "    print('A:', A)\n",
    "    print('B:', B)\n",
    "    print('pi:', pi)"
   ]
  },
  {
   "cell_type": "code",
   "execution_count": null,
   "metadata": {},
   "outputs": [],
   "source": []
  }
 ],
 "metadata": {
  "kernelspec": {
   "display_name": "Python 3",
   "language": "python",
   "name": "python3"
  },
  "language_info": {
   "codemirror_mode": {
    "name": "ipython",
    "version": 3
   },
   "file_extension": ".py",
   "mimetype": "text/x-python",
   "name": "python",
   "nbconvert_exporter": "python",
   "pygments_lexer": "ipython3",
   "version": "3.7.7"
  }
 },
 "nbformat": 4,
 "nbformat_minor": 4
}
